500 200000
193458 197072
49438 116490
71033 124143
3578 25530
67630 74561
174607 177922
76597 127842
37042 64802
78521 96642
34261 105710
138788 145474
148227 148827
189422 193123
65204 196605
9134 179525
160400 165843
72807 106094
113800 164091
171516 185078
184522 194408
52734 82390
114036 114508
54332 68930
98828 178589
138806 176709
33183 141598
163818 197283
135091 151805
19833 29800
33501 98450
169684 176809
11203 150857
195329 198694
75810 197077
36525 103607
115895 147223
22679 62766
149168 192122
21952 125047
101179 120174
183466 186508
37871 180055
73187 193615
91470 158864
16472 56407
11430 183964
157966 194790
83501 116229
130891 198670
74008 192182
157475 184680
179205 180782
97797 147673
109361 124203
104223 164119
117770 181354
31699 123383
22862 24735
132259 141530
86937 111473
81190 146918
38426 176090
106886 174299
75336 165955
46832 59723
12770 119245
42337 142974
148656 182178
168767 183071
162683 179552
110708 117576
52482 123697
103057 111557
174944 191463
176830 182820
75628 152259
132384 168016
169023 185810
112195 186905
179971 191846
43347 142534
86144 134014
77333 170457
147645 171733
194098 197639
161791 180205
118205 121508
74312 189443
174175 184206
15056 86059
46295 160794
143191 153408
65585 149948
2626 47647
161916 178599
41583 118729
109832 176369
71039 107536
171610 190621
69279 161076
28825 145177
155957 173790
12113 182948
79399 181155
182768 198246
31533 196314
26459 71506
152967 197149
118911 136714
72074 151974
7690 199344
194296 199893
176288 180523
134101 194109
169334 195268
67603 76042
166828 173007
82621 185770
185629 194331
98165 103807
43131 63536
98425 113076
78012 92301
155118 164206
31116 133524
193121 196020
156902 175334
82414 195279
99374 185834
98566 123471
183584 184813
143769 178725
156011 170948
154728 169693
107595 124834
178814 188226
88882 179310
163490 172781
30469 53660
99078 120452
110014 183111
157165 184278
59305 199024
146320 186663
120448 138561
151802 176328
42626 95593
183407 191592
69240 179392
105504 163264
78551 165766
199131 199629
76421 150970
179368 182280
135719 156148
45730 164436
164203 180384
105748 163139
23983 116033
146652 166063
67301 98591
43467 173398
75034 150658
191305 196898
60456 108133
120118 142430
55115 188731
123957 196291
120591 161229
12939 171032
169040 182748
140552 198658
15854 164270
20889 128156
7628 10639
95139 146325
38745 82887
135222 175811
198198 198815
119059 185353
628 130099
47519 71176
157234 199195
85462 86385
80947 118116
182034 191602
37699 55806
17574 113072
317 57148
36858 128698
104644 157879
65561 94497
154269 169842
152729 178200
1532 187342
46554 136317
95699 141733
21192 29522
44903 79598
79428 157456
73426 115060
145768 184039
20306 58007
118885 173845
24301 104994
80157 198442
122820 172159
69382 109614
46730 83727
37016 37570
109585 143823
80447 151938
54231 103527
86657 189420
3466 61474
121921 138121
101110 194928
199768 199849
22675 95786
24662 81818
176043 192027
88245 196434
7469 89866
129648 169092
19587 173408
33147 145106
15493 57527
100730 186034
144317 191076
123882 147044
80807 146845
196168 198233
133592 142231
99696 136058
19308 180865
142731 142783
39126 135098
101334 161554
159809 161716
123137 149562
67737 131425
90237 141755
190253 190728
105362 185047
35520 160405
119343 149992
66504 141526
70116 127292
170887 190100
197390 198368
91028 181926
5548 14528
12700 116175
186404 189165
64541 174867
169025 184753
57302 112780
170553 194292
183206 183636
176003 191407
47953 171189
65219 85969
183292 194749
150442 197107
20289 73797
124464 125648
138920 146695
155729 182020
55912 104669
99329 128818
172963 194547
112500 117837
31210 184650
81549 105502
27816 115267
102140 173905
16132 101849
82640 126021
105675 197772
160195 191769
41768 137710
35193 95239
77131 115023
112165 144202
168394 196618
39678 52537
197695 197780
39455 67232
48975 55037
113561 167653
176572 198038
159072 196101
148131 175293
61524 95901
163882 187132
35140 38135
113678 159178
123158 173514
133545 143753
169071 186135
181360 183438
196441 197363
185068 187907
53357 137527
25686 95964
143217 154756
7828 17488
40405 85847
83782 150403
124189 174809
198586 199558
62129 94851
33670 52235
143969 194408
114581 157749
73150 121973
61227 104194
18503 113086
189743 196331
122441 172046
114448 166061
57171 184657
175350 183135
147077 184153
193571 194518
16265 169745
197445 197762
181632 194859
178733 194751
177514 184769
122544 181778
1412 149130
76004 122873
166340 196478
116915 179759
168825 185547
145409 159315
199984 199995
170963 192015
25201 135197
163460 197725
97752 177291
10467 17062
137219 192948
95016 120867
62976 120944
86365 109347
63487 132365
134962 172166
51451 65345
272 183115
22136 23240
61770 124954
57227 179255
159576 192212
132259 193683
50681 56291
176527 178021
150212 199224
68481 80782
86896 116044
112840 153989
194887 199579
63199 126813
85096 163139
11734 199188
122455 144771
95536 135995
170247 184122
4663 12655
177602 196472
86482 153637
60045 119187
29483 71567
195921 195996
196453 198458
182891 193762
24639 193667
20149 139410
187301 187475
21921 182241
174546 175338
124051 196144
196522 197845
34853 184672
16476 86799
174280 193418
91423 166301
173586 174396
66805 157941
59125 126195
175847 179432
145386 195515
73685 141376
75116 187141
199385 199739
52513 79291
165841 170890
23569 40448
153067 191195
104440 137488
11427 189552
124768 125772
31612 158089
14866 104177
111816 138259
188689 188910
59179 90008
68634 121216
129673 143465
109414 154625
62304 167292
171451 185273
119298 159939
19746 85215
159016 188862
87662 151008
54474 57328
21425 134494
126163 163724
17211 56460
39089 84563
182710 188841
8582 24348
166004 177204
12310 30183
100456 168620
143556 149125
108542 173518
171662 181608
71371 189342
12146 67292
192119 195865
74421 138687
151805 165592
28346 94465
100281 166917
105100 182621
159197 197304
41721 99731
109777 117395
190063 191550
42752 187779
16160 113086
83708 189564
123855 150338
25078 116491
27478 91545
119219 177884
69092 76520
75755 180132
103634 178421
91269 142129
126501 136131
36243 187582
173922 185805
78770 191008
40479 51394
183616 194185
8372 93285
20643 170427
47234 60647
108295 146114
120149 160956
175713 184955
126222 188132
4584 147940
47237 150918
82735 162345
109735 115033
5143 99574
161008 169245
194652 197041
12968 121396
49015 122520
154297 192951
66741 139194
137149 164146
12801 90859
154875 190692
189350 197185
70272 137831
170232 173022
183174 184865
65828 107804
137553 176049
131214 173708
185405 198657
13696 88428
107823 131670
20462 139439
69721 139622
168212 175153
35798 140376
4580 71438
11767 174538
47100 186747
176980 196623
88108 117360
118124 162043
